<?xml version="1.0"?>
<opencv_storage>
<WarpMatrix type_id="opencv-matrix">
  <rows>3</rows>
  <cols>3</cols>
  <dt>d</dt>
  <data>
    793. -4.1864717311406878e+002 -1.9636516184139918e+005 0.
    3.9671077924556144e+001 2.1674102025656815e+004 0.
